# wght :
# t_tel_r400 :
#end
300.0 nan
300.25 nan
300.5 nan
300.75 nan
301.0 nan
301.25 nan
301.5 nan
301.75 nan
302.0 nan
302.25 nan
302.5 nan
302.75 nan
303.0 nan
303.25 nan
303.5 nan
303.75 nan
304.0 nan
304.25 nan
304.5 nan
304.75 nan
305.0 nan
305.25 nan
305.5 nan
305.75 nan
306.0 nan
306.25 nan
306.5 nan
306.75 nan
307.0 nan
307.25 nan
307.5 nan
307.75 nan
308.0 nan
308.25 nan
308.5 nan
308.75 nan
309.0 nan
309.25 nan
309.5 nan
309.75 nan
310.0 nan
310.25 nan
310.5 nan
310.75 nan
311.0 nan
311.25 nan
311.5 nan
311.75 nan
312.0 nan
312.25 nan
312.5 nan
312.75 nan
313.0 nan
313.25 nan
313.5 nan
313.75 nan
314.0 nan
314.25 nan
314.5 nan
314.75 nan
315.0 nan
315.25 nan
315.5 nan
315.75 nan
316.0 nan
316.25 nan
316.5 nan
316.75 nan
317.0 nan
317.25 nan
317.5 nan
317.75 nan
318.0 nan
318.25 nan
318.5 nan
318.75 nan
319.0 nan
319.25 nan
319.5 nan
319.75 nan
320.0 nan
320.25 nan
320.5 nan
320.75 nan
321.0 nan
321.25 nan
321.5 nan
321.75 nan
322.0 nan
322.25 nan
322.5 nan
322.75 nan
323.0 nan
323.25 nan
323.5 nan
323.75 nan
324.0 nan
324.25 nan
324.5 nan
324.75 nan
325.0 nan
325.25 nan
325.5 nan
325.75 nan
326.0 nan
326.25 nan
326.5 nan
326.75 nan
327.0 nan
327.25 nan
327.5 nan
327.75 nan
328.0 nan
328.25 nan
328.5 nan
328.75 nan
329.0 nan
329.25 nan
329.5 nan
329.75 nan
330.0 nan
330.25 nan
330.5 nan
330.75 nan
331.0 nan
331.25 nan
331.5 nan
331.75 nan
332.0 nan
332.25 nan
332.5 nan
332.75 nan
333.0 nan
333.25 nan
333.5 nan
333.75 nan
334.0 nan
334.25 nan
334.5 nan
334.75 nan
335.0 nan
335.25 nan
335.5 nan
335.75 nan
336.0 nan
336.25 nan
336.5 nan
336.75 nan
337.0 nan
337.25 nan
337.5 nan
337.75 nan
338.0 nan
338.25 nan
338.5 nan
338.75 nan
339.0 nan
339.25 nan
339.5 nan
339.75 nan
340.0 nan
340.25 nan
340.5 nan
340.75 nan
341.0 nan
341.25 nan
341.5 nan
341.75 nan
342.0 nan
342.25 nan
342.5 nan
342.75 nan
343.0 nan
343.25 nan
343.5 nan
343.75 nan
344.0 nan
344.25 nan
344.5 nan
344.75 nan
345.0 nan
345.25 nan
345.5 nan
345.75 nan
346.0 nan
346.25 nan
346.5 nan
346.75 nan
347.0 nan
347.25 nan
347.5 nan
347.75 nan
348.0 nan
348.25 nan
348.5 nan
348.75 nan
349.0 nan
349.25 nan
349.5 nan
349.75 nan
350.0 nan
350.25 nan
350.5 nan
350.75 nan
351.0 nan
351.25 nan
351.5 nan
351.75 0.219683077196
352.0 0.220900936827
352.25 0.222125331782
352.5 0.223359549169
352.75 0.224606403155
353.0 0.225868159691
353.25 0.227146386347
353.5 0.228441944239
353.75 0.229561055256
354.0 0.230661885636
354.25 0.231778067817
354.5 0.232908179584
354.75 0.234050566514
355.0 0.235203490288
355.25 0.236365312911
355.5 0.237461671225
355.75 0.238364130955
356.0 0.239271308036
356.25 0.240182634352
356.5 0.241097563001
356.75 0.242015330211
357.0 0.242934675393
357.25 0.243853796307
357.5 0.245367465246
357.75 0.247150437773
358.0 0.248927782976
358.25 0.250696421556
358.5 0.252453902311
358.75 0.254198832608
359.0 0.255931296419
359.25 0.257694598805
359.5 0.259800477943
359.75 0.261905463129
360.0 0.264015814857
360.25 0.266138359198
360.5 0.268279742285
360.75 0.270445671619
361.0 0.272640238718
361.25 0.274593981983
361.5 0.276331218443
361.75 0.278093067321
362.0 0.279873494647
362.25 0.281664309977
362.5 0.283455943177
362.75 0.285238229969
363.0 0.28700128784
363.25 0.289043549639
363.5 0.291070358503
363.75 0.293059933564
364.0 0.295011368409
364.25 0.296926833422
364.5 0.298811466862
364.75 0.300672730615
365.0 0.302815116064
365.25 0.30547029774
365.5 0.308134018922
365.75 0.310817384579
366.0 0.313531315711
366.25 0.316286244782
366.5 0.319091935189
366.75 0.321957282197
367.0 0.324954723347
367.25 0.328043806185
367.5 0.331211205458
367.75 0.334459290523
368.0 0.337787592354
368.25 0.341192091412
368.5 0.344664638167
368.75 0.34802903086
369.0 0.350785780212
369.25 0.353557310713
369.5 0.356321086963
369.75 0.359053156508
370.0 0.361729670146
370.25 0.364328435683
370.5 0.366830081864
370.75 0.369944653936
371.0 0.373380367988
371.25 0.376692396549
371.5 0.379881560001
371.75 0.382953948542
372.0 0.38591994143
372.25 0.388793086256
372.5 0.391574540895
372.75 0.393963205021
373.0 0.396306297572
373.25 0.398616964957
373.5 0.400905786848
373.75 0.403180731978
374.0 0.405446579895
374.25 0.407704794853
374.5 0.40949003321
374.75 0.410720374011
375.0 0.411933415871
375.25 0.413122397854
375.5 0.414280109063
375.75 0.4154011159
376.0 0.416483623469
376.25 0.41753012333
376.5 0.419219660004
376.75 0.420983238903
377.0 0.422746091256
377.25 0.424528001798
377.5 0.426349929352
377.75 0.428231349856
378.0 0.430186982537
378.25 0.432404991973
378.5 0.435127203104
378.75 0.437923529601
379.0 0.440780197684
379.25 0.443682207561
379.5 0.446613861437
379.75 0.449564488179
380.0 0.452530498242
380.25 0.456060283942
380.5 0.459835271545
380.75 0.463659018493
381.0 0.467547423588
381.25 0.471509776829
381.5 0.4755429125
381.75 0.479626702088
382.0 0.483560889877
382.25 0.486442411229
382.5 0.489204549662
382.75 0.491770695781
383.0 0.494068378065
383.25 0.49604030548
383.5 0.497654618802
383.75 0.498912467461
384.0 0.500660494609
384.25 0.502798226217
384.5 0.504784629537
384.75 0.506746453413
385.0 0.508822581003
385.25 0.511152662986
385.5 0.51386597788
385.75 0.517071396502
386.0 0.517654870548
386.25 0.518772445792
386.5 0.520495166365
386.75 0.522776932066
387.0 0.525532901751
387.25 0.528643176482
387.5 0.531958628851
387.75 0.535569657854
388.0 0.539440082532
388.25 0.543003292223
388.5 0.546106998924
388.75 0.548632311702
389.0 0.550504694207
389.25 0.551700445706
389.5 0.552247403477
389.75 0.552960144644
390.0 0.553367916788
390.25 0.553431350402
390.5 0.553290347579
390.75 0.553083616655
391.0 0.552938865598
391.25 0.552965582854
391.5 0.553446215282
391.75 0.554885203351
392.0 0.556696110157
392.25 0.55891532918
392.5 0.561569583829
392.75 0.564680073761
393.0 0.568265673248
393.25 0.572344754085
393.5 0.577711335372
393.75 0.58402212319
394.0 0.590878059353
394.25 0.598277507718
394.5 0.606200135826
394.75 0.614600754635
395.0 0.623403981068
395.25 0.632293084167
395.5 0.63867417046
395.75 0.644991077256
396.0 0.651053714762
396.25 0.656668245431
396.5 0.661653008677
396.75 0.665854736351
397.0 0.669164770566
397.25 0.670102460491
397.5 0.668636857276
397.75 0.666325305049
398.0 0.663304895931
398.25 0.659749376629
398.5 0.655852023448
398.75 0.651808179349
399.0 0.647799676665
399.25 0.644932654003
399.5 0.642465779115
399.75 0.640396021142
400.0 0.63877347656
400.25 0.637613372131
400.5 0.63689969071
400.75 0.636590282045
401.0 0.637228595919
401.25 0.639360225814
401.5 0.64168349036
401.75 0.644119296919
402.0 0.646594570583
402.25 0.649048000042
402.5 0.651434289772
402.75 0.653726791242
403.0 0.654293139511
403.25 0.654226530384
403.5 0.654097092517
403.75 0.653948356805
404.0 0.653833260495
404.25 0.653809923497
404.5 0.653937362133
404.75 0.654647155094
405.0 0.657454801613
405.25 0.660574394036
405.5 0.664045212567
405.75 0.667899328259
406.0 0.672161506474
406.25 0.676849409121
406.5 0.6819732942
406.75 0.687735973757
407.0 0.694072840788
407.25 0.700825581405
407.5 0.707959170848
407.75 0.715419477855
408.0 0.723130151554
408.25 0.730990018829
408.5 0.738846924599
408.75 0.743500775092
409.0 0.747816284721
409.25 0.751623547136
409.5 0.754758811687
409.75 0.75707783853
410.0 0.758469310797
410.25 0.758867025132
410.5 0.756479705693
410.75 0.750748938688
411.0 0.744156179742
411.25 0.736845240532
411.5 0.728985807667
411.75 0.720758716823
412.0 0.712341862017
412.25 0.703898111924
412.5 0.699181622908
412.75 0.695304351624
413.0 0.691691813943
413.25 0.688396960195
413.5 0.685445739989
413.75 0.682841158125
414.0 0.68056826162
414.25 0.679013006364
414.5 0.678864285604
414.75 0.678943701858
415.0 0.679216084423
415.25 0.679649637685
415.5 0.680218066954
415.75 0.680901128759
416.0 0.681684328274
416.25 0.682851153608
416.5 0.684237596992
416.75 0.685705929211
417.0 0.687253115484
417.25 0.68887554938
417.5 0.690568504057
417.75 0.692328892163
418.0 0.694231205943
418.25 0.696930839614
418.5 0.699668999589
418.75 0.702435262119
419.0 0.705220197887
419.25 0.708016166259
419.5 0.710817728154
419.75 0.713622282879
420.0 0.715832714316
420.25 0.717505457319
420.5 0.719187373644
420.75 0.72088549101
421.0 0.722608431756
421.25 0.724365439956
421.5 0.726165795133
421.75 0.728018351164
422.0 0.728477961198
422.25 0.72891334454
422.5 0.729416522628
422.75 0.729990651072
423.0 0.730637032276
423.25 0.731355513147
423.5 0.732144744688
423.75 0.732686586741
424.0 0.732736321668
424.25 0.732842219397
424.5 0.732999185344
424.75 0.733201726942
425.0 0.733444399808
425.25 0.73372163281
425.5 0.734027738946
425.75 0.733797203648
426.0 0.733425159799
426.25 0.733061712835
426.5 0.732701841017
426.75 0.732340668992
427.0 0.731973858931
427.25 0.731599407699
427.5 0.731426233374
427.75 0.732078771691
428.0 0.732743358212
428.25 0.733434578397
428.5 0.734173112043
428.75 0.734986008195
429.0 0.735906537353
429.25 0.736973616079
429.5 0.738223561635
429.75 0.739704185953
430.0 0.741464848771
430.25 0.743547464751
430.5 0.74598708106
430.75 0.748807714411
431.0 0.752018638031
431.25 0.755557688948
431.5 0.758180539024
431.75 0.761072191055
432.0 0.764145377489
432.25 0.767286890101
432.5 0.770360218987
432.75 0.773211192153
433.0 0.7756764813
433.25 0.777751366487
433.5 0.779317769687
433.75 0.780067357654
434.0 0.779912390618
434.25 0.778809767475
434.5 0.776765222901
434.75 0.773831083314
435.0 0.770108861964
435.25 0.767840482145
435.5 0.765343066219
435.75 0.762482717021
436.0 0.759417203616
436.25 0.756292613367
436.5 0.753235441217
436.75 0.75034760159
437.0 0.747605801752
437.25 0.744926020865
437.5 0.742562867916
437.75 0.74051790934
438.0 0.738776038236
438.25 0.737310480243
438.5 0.736087765181
438.75 0.735071927009
439.0 0.735620559421
439.25 0.736857391952
439.5 0.738207987272
439.75 0.739652782787
440.0 0.741178289914
440.25 0.742776944571
440.5 0.744445497277
440.75 0.746239171215
441.0 0.748454056402
441.25 0.750747233735
441.5 0.753124872135
441.75 0.755594096652
442.0 0.758163041523
442.25 0.760840993841
442.5 0.763638145005
442.75 0.765719512414
443.0 0.76726182358
443.25 0.768948546473
443.5 0.770787801337
443.75 0.77278521132
444.0 0.774942777003
444.25 0.777257436928
444.5 0.779719893026
444.75 0.780646865615
445.0 0.781628187183
445.25 0.7826726328
445.5 0.783739070488
445.75 0.784780485009
446.0 0.785746080232
446.25 0.786584272102
446.5 0.787313143132
446.75 0.787925453063
447.0 0.78828285977
447.25 0.788362110178
447.5 0.788153116294
447.75 0.787659763017
448.0 0.786900058553
448.25 0.785904634088
448.5 0.785511499889
448.75 0.785153128375
449.0 0.784698303298
449.25 0.784199180404
449.5 0.783705134413
449.75 0.783261358984
450.0 0.782906310838
450.25 0.782569696404
450.5 0.782043807376
450.75 0.781673905911
451.0 0.781466877444
451.25 0.781423109008
451.5 0.78153761664
451.75 0.781801215233
452.0 0.782201452242
452.25 0.783760823195
452.5 0.785982829536
452.75 0.788299736092
453.0 0.790695188489
453.25 0.793152940712
453.5 0.79565721422
453.75 0.798192797156
454.0 0.800653655084
454.25 0.801926733868
454.5 0.803187824546
454.75 0.804427474688
455.0 0.805638139247
455.25 0.806814595308
455.5 0.807954206523
455.75 0.809056842651
456.0 0.809799890237
456.25 0.810173035045
456.5 0.810516688301
456.75 0.810837137131
457.0 0.811141235706
457.25 0.811435520577
457.5 0.811725912259
457.75 0.812018241909
458.0 0.812243304689
458.25 0.812471778427
458.5 0.812714120603
458.75 0.81297301275
459.0 0.813251085757
459.25 0.813551411963
459.5 0.813877808204
459.75 0.814050575754
460.0 0.813883794657
460.25 0.813760098715
460.5 0.81368837693
460.75 0.813678109343
461.0 0.813738518281
461.25 0.813878026056
461.5 0.814103162484
461.75 0.813158808377
462.0 0.81187346495
462.25 0.810661185051
462.5 0.809509596106
462.75 0.808400817146
463.0 0.807311358618
463.25 0.806213672848
463.5 0.805173136614
463.75 0.804539353952
464.0 0.803805498789
464.25 0.802942538043
464.5 0.80192618265
464.75 0.800738614675
465.0 0.799369064068
465.25 0.797816971663
465.5 0.796751098867
465.75 0.795990162756
466.0 0.795089349217
466.25 0.794073393453
466.5 0.792969921359
466.75 0.791807346103
467.0 0.790612924386
467.25 0.78941681838
467.5 0.789061288119
467.75 0.788734736099
468.0 0.78844695115
468.25 0.7882019882
468.5 0.787998736425
468.75 0.787831269088
469.0 0.787689971821
469.25 0.787933073264
469.5 0.788676135679
469.75 0.789406546378
470.0 0.790110740945
470.25 0.790776812802
470.5 0.791395453097
470.75 0.791960592406
471.0 0.792469725877
471.25 0.793101037521
471.5 0.793714966796
471.75 0.79428751859
472.0 0.794829851082
472.25 0.795355125356
472.5 0.795877881307
472.75 0.796413319694
473.0 0.796839460342
473.25 0.79692668164
473.5 0.797067064394
473.75 0.797271140601
474.0 0.797547208213
474.25 0.797900395848
474.5 0.798333705213
474.75 0.798848259923
475.0 0.798990101641
475.25 0.798999550341
475.5 0.799081837229
475.75 0.799232254941
476.0 0.799445567443
476.25 0.799716391045
476.5 0.800039188959
476.75 0.800413479349
477.0 0.800874341725
477.25 0.801371402217
477.5 0.801900565751
477.75 0.802458006602
478.0 0.803040035264
478.25 0.80364340245
478.5 0.804266055697
478.75 0.804818648826
479.0 0.805308536312
479.25 0.805822427137
479.5 0.806366383974
479.75 0.806949442765
480.0 0.807583715828
480.25 0.808284954917
480.5 0.809072443532
480.75 0.809599011979
481.0 0.810235324285
481.25 0.81103184282
481.5 0.812017654079
481.75 0.813221639825
482.0 0.814670761671
482.25 0.816387795976
482.5 0.818696999918
482.75 0.821847218891
483.0 0.825292798025
483.25 0.829016285945
483.5 0.832984246644
483.75 0.837145879111
484.0 0.841432466201
484.25 0.845758411051
484.5 0.850552714688
484.75 0.855331529136
485.0 0.859830633348
485.25 0.863933831665
485.5 0.867532639581
485.75 0.870533504467
486.0 0.872864476934
486.25 0.874451185157
486.5 0.875190475249
486.75 0.875219584541
487.0 0.874587706709
487.25 0.873371003264
487.5 0.871667117112
487.75 0.869588204988
488.0 0.86725358685
488.25 0.864658722596
488.5 0.861965049811
488.75 0.859349782095
489.0 0.856897965596
489.25 0.854676315271
489.5 0.852732028734
489.75 0.851092840613
490.0 0.849807426973
490.25 0.849804737303
490.5 0.850088223057
490.75 0.850627237488
491.0 0.851383163923
491.25 0.852312581368
491.5 0.853370167431
491.75 0.854511515762
492.0 0.855738276638
492.25 0.85702299433
492.5 0.858285622193
492.75 0.859504455863
493.0 0.860665518318
493.25 0.861762058355
493.5 0.862794408701
493.75 0.863768932867
494.0 0.863714161643
494.25 0.863489061779
494.5 0.863247660583
494.75 0.863007472761
495.0 0.86278611651
495.25 0.862600781797
495.5 0.862467274279
495.75 0.862145266253
496.0 0.861297018033
496.25 0.860533669483
496.5 0.859862104972
496.75 0.859287127468
497.0 0.858811567759
497.25 0.858436203185
497.5 0.858159827339
497.75 0.858571087069
498.0 0.859309824888
498.25 0.860134679743
498.5 0.861037055608
498.75 0.862006610695
499.0 0.8630314712
499.25 0.864098576864
499.5 0.865194828176
499.75 0.866310933026
500.0 0.867426643812
500.25 0.868528294545
500.5 0.869603247552
500.75 0.870640512559
501.0 0.871631077461
501.25 0.872568433047
501.5 0.873000585039
501.75 0.873012344338
502.0 0.87296377356
502.25 0.872857353134
502.5 0.872697331142
502.75 0.872489236696
503.0 0.872239269426
503.25 0.871953911442
503.5 0.872499002266
503.75 0.873046178489
504.0 0.873577754515
504.25 0.874098596343
504.5 0.874613041596
504.75 0.875124725685
505.0 0.875636991934
505.25 0.87580595491
505.5 0.875444698654
505.75 0.875091054179
506.0 0.874747763844
506.25 0.874417719328
506.5 0.874103777558
506.75 0.873808778613
507.0 0.873535381246
507.25 0.874694425394
507.5 0.876208214831
507.75 0.877753641355
508.0 0.879331935505
508.25 0.880943875636
508.5 0.882589654502
508.75 0.884268944664
509.0 0.886131187707
509.25 0.888524219683
509.5 0.890948980662
509.75 0.893403798976
510.0 0.895886752115
510.25 0.898395743323
510.5 0.900928502183
510.75 0.903482720027
511.0 0.906346114121
511.25 0.909383104111
511.5 0.912435843679
511.75 0.915501588504
512.0 0.918577591047
512.25 0.92166102801
512.5 0.924748950215
512.75 0.927713040144
513.0 0.929016448951
513.25 0.930309719925
513.5 0.931589985429
513.75 0.932854467584
514.0 0.934100640588
514.25 0.93532643335
514.5 0.93653001061
514.75 0.93670249045
515.0 0.935796010829
515.25 0.93485870038
515.5 0.933890689493
515.75 0.93289249585
516.0 0.931865068721
516.25 0.930809768413
516.5 0.929728085589
516.75 0.930531123651
517.0 0.931507834854
517.25 0.932469395981
517.5 0.933417974467
517.75 0.934355766322
518.0 0.935284881171
518.25 0.936207373222
518.5 0.937209621279
518.75 0.938382162631
519.0 0.939553702792
519.25 0.940725588095
519.5 0.941898969765
519.75 0.943074776506
520.0 0.944253797561
520.25 0.9454365921
520.5 0.945811532927
520.75 0.94591484181
521.0 0.946020672995
521.25 0.946129232218
521.5 0.946240686376
521.75 0.946355128402
522.0 0.946472739954
522.25 0.946829265806
522.5 0.948367248824
522.75 0.949912016045
523.0 0.951463794308
523.25 0.953022716099
523.5 0.954588887198
523.75 0.956162329179
524.0 0.957743029273
524.25 0.959618084085
524.5 0.961703841065
524.75 0.963797581851
525.0 0.96589900851
525.25 0.968007660503
525.5 0.970123113032
525.75 0.972244994774
526.0 0.97435549969
526.25 0.973337909799
526.5 0.972317999665
526.75 0.971295438986
527.0 0.970270048013
527.25 0.969241804019
527.5 0.968210798369
527.75 0.967177198384
528.0 0.965323163619
528.25 0.962356147227
528.5 0.959382369323
528.75 0.95640193932
529.0 0.953414894485
529.25 0.950421108615
529.5 0.947420320225
529.75 0.944412150434
530.0 0.94168452914
530.25 0.939002322267
530.5 0.936311645609
530.75 0.933611779314
531.0 0.930901968249
531.25 0.928181564301
531.5 0.925450094642
531.75 0.922778139206
532.0 0.920293230301
532.25 0.917797596474
532.5 0.915291683716
532.75 0.912776188604
533.0 0.910252086617
533.25 0.907720656093
533.5 0.905183292344
533.75 0.904298190109
534.0 0.904184961959
534.25 0.904076498814
534.5 0.903974585854
534.75 0.903880758422
535.0 0.903796476569
535.25 0.903722968662
535.5 0.903689793095
535.75 0.903920564589
536.0 0.904164754079
536.25 0.9044222834
536.5 0.904692668668
536.75 0.904975049331
537.0 0.905268244858
537.25 0.90557056634
537.5 0.905531666912
537.75 0.905176377138
538.0 0.904821481355
538.25 0.904464244076
538.5 0.904101767295
538.75 0.903731131914
539.0 0.903349504362
539.25 0.902954249643
539.5 0.903062240868
539.75 0.903186335164
540.0 0.903292223175
540.25 0.903378880873
540.5 0.903445882994
540.75 0.903493443534
541.0 0.903522420994
541.25 0.903071920498
541.5 0.901782241927
541.75 0.900476806766
542.0 0.89915838925
542.25 0.897829987688
542.5 0.896494632277
542.75 0.895155247839
543.0 0.893814562503
543.25 0.89347687565
543.5 0.893428443259
543.75 0.893387179988
544.0 0.893353826228
544.25 0.893328520372
544.5 0.89331083439
544.75 0.893299799586
545.0 0.893668151496
545.25 0.895552467532
545.5 0.897442928353
545.75 0.899337400486
546.0 0.901233698965
546.25 0.903129647027
546.5 0.90502321433
546.75 0.906912610739
547.0 0.909321021345
547.25 0.912048740363
547.5 0.914771026425
547.75 0.917487463709
548.0 0.920198085062
548.25 0.922903403662
548.5 0.925604226694
548.75 0.928230935179
549.0 0.929022214863
549.25 0.929809158799
549.5 0.930593734313
549.75 0.931378111176
550.0 0.932164429188
550.25 0.932954839376
550.5 0.933751411739
550.75 0.935400125682
551.0 0.938066434337
551.25 0.940748277329
551.5 0.943446901956
551.75 0.946163305381
552.0 0.948898003198
552.25 0.951651193651
552.5 0.954422813768
552.75 0.95503621912
553.0 0.955352697688
553.25 0.95567936496
553.5 0.956015128094
553.75 0.956358747181
554.0 0.956708911961
554.25 0.957064301501
554.5 0.957455713794
554.75 0.957926485301
555.0 0.958399134553
555.25 0.958872509567
555.5 0.959345582172
555.75 0.959817440537
556.0 0.960287183831
556.25 0.960753920817
556.5 0.961048398844
556.75 0.961270417978
557.0 0.961486504996
557.25 0.961696006315
557.5 0.96189842263
557.75 0.96209339577
558.0 0.962280639522
558.25 0.962349676189
558.5 0.961695380672
558.75 0.961031554781
559.0 0.960358709033
559.25 0.959677595628
559.5 0.958989074428
559.75 0.958294044589
560.0 0.95759346834
560.25 0.957727710292
560.5 0.958539569404
560.75 0.959352510303
561.0 0.960167263632
561.25 0.960984394316
561.5 0.961804314541
561.75 0.962627232225
562.0 0.963453113338
562.25 0.961938963892
562.5 0.96035475318
562.75 0.958766331293
563.0 0.957173075411
563.25 0.955574289604
563.5 0.953969315963
563.75 0.952357548572
564.0 0.950846547944
564.25 0.949496122333
564.5 0.948138376729
564.75 0.946773130817
565.0 0.94540029752
565.25 0.944019881189
565.5 0.942631904078
565.75 0.941236414863
566.0 0.940546392042
566.25 0.940016983612
566.5 0.939482227741
566.75 0.938941966552
567.0 0.938395974131
567.25 0.93784391401
567.5 0.937285367545
567.75 0.936935794467
568.0 0.937301442457
568.25 0.937661518555
568.5 0.938015561294
568.75 0.93836313845
569.0 0.938703926272
569.25 0.939037689545
569.5 0.939364291994
569.75 0.939089257528
570.0 0.938484712246
570.25 0.937870967892
570.5 0.93724822552
570.75 0.936616612156
571.0 0.935976303047
571.25 0.935327454505
571.5 0.934681679943
571.75 0.934182712494
572.0 0.933675844195
572.25 0.933161117786
572.5 0.932638593979
572.75 0.932108339689
573.0 0.931570420144
573.25 0.931025014675
573.5 0.930477729907
573.75 0.929929275906
574.0 0.929374725116
574.25 0.928814841233
574.5 0.928250584492
574.75 0.927683064787
575.0 0.927113496182
575.25 0.926543259907
575.5 0.927576366147
575.75 0.928778380997
576.0 0.929987791773
576.25 0.931206059143
576.5 0.93243450927
576.75 0.933674445329
577.0 0.934927009086
577.25 0.935685532934
577.5 0.935410956297
577.75 0.935147328382
578.0 0.934894901164
578.25 0.934653851212
578.5 0.934424102573
578.75 0.934205533152
579.0 0.933998064655
579.25 0.934663786306
579.5 0.935636219527
579.75 0.93662269947
580.0 0.937623583203
580.25 0.938639611145
580.5 0.939671702431
580.75 0.940721162602
581.0 0.941877460152
581.25 0.943498602713
581.5 0.945144003332
581.75 0.94681586816
582.0 0.948516515504
582.25 0.950248219149
582.5 0.952013025419
582.75 0.953812633267
583.0 0.95567212856
583.25 0.957585276414
583.5 0.959534948225
583.75 0.961519882053
584.0 0.963537684464
584.25 0.965584829915
584.5 0.967656599739
584.75 0.969744757918
585.0 0.971292455473
585.25 0.972841606267
585.5 0.97438318826
585.75 0.975907557598
586.0 0.977404707064
586.25 0.978864629058
586.5 0.980277599407
586.75 0.98063326465
587.0 0.979556584961
587.25 0.978402450152
587.5 0.97716614608
587.75 0.975844711379
588.0 0.974437101822
588.25 0.972944208841
588.5 0.971368779665
588.75 0.97260528226
589.0 0.974314129584
589.25 0.975963316869
589.5 0.977560734942
589.75 0.979114863184
590.0 0.98063530301
590.25 0.98213123757
590.5 0.983536355219
590.75 0.984722076828
591.0 0.985909328428
591.25 0.987105526063
591.5 0.988317081552
591.75 0.989549338061
592.0 0.990806605574
592.25 0.992092118724
592.5 0.991026854145
592.75 0.988875361722
593.0 0.986750313624
593.25 0.984651063341
593.5 0.982576411036
593.75 0.980524716438
594.0 0.978494034037
594.25 0.976671901602
594.5 0.976562291825
594.75 0.976470887403
595.0 0.976395702051
595.25 0.976334851375
595.5 0.976286643037
595.75 0.976249529022
596.0 0.976222076274
596.25 0.976772431898
596.5 0.977857328915
596.75 0.978950584516
597.0 0.980051164957
597.25 0.98115818016
597.5 0.982270811433
597.75 0.98338828294
598.0 0.984509841168
598.25 0.984628824189
598.5 0.984683288898
598.75 0.984737619668
599.0 0.984791955016
599.25 0.984845130896
599.5 0.984897344797
599.75 0.984948585953
600.0 0.984624734876
600.25 0.983629362342
600.5 0.982631276487
600.75 0.981630948381
601.0 0.980628936462
601.25 0.979625869393
601.5 0.978622437985
601.75 0.977619372061
602.0 0.976852878762
602.25 0.976156021098
602.5 0.97546234025
602.75 0.974772454239
603.0 0.974086892828
603.25 0.973406049079
603.5 0.972730186917
603.75 0.972395108885
604.0 0.973433638466
604.25 0.974481026396
604.5 0.975537006949
604.75 0.976601152188
605.0 0.977672890514
605.25 0.978751541567
605.5 0.979836253309
605.75 0.979911153267
606.0 0.979355864569
606.25 0.978799788324
606.5 0.978241755778
606.75 0.97768063159
607.0 0.977115254785
607.25 0.976544426725
607.5 0.975990351512
607.75 0.976056669043
608.0 0.976115846979
608.25 0.976166777151
608.5 0.976208805336
608.75 0.976241037592
609.0 0.976262805265
609.25 0.976273568461
609.5 0.976337828809
609.75 0.97646832051
610.0 0.976587264275
610.25 0.976694655219
610.5 0.976790598824
610.75 0.976875331942
611.0 0.976949254692
611.25 0.977012910616
611.5 0.978319324256
611.75 0.979799287494
612.0 0.981273963761
612.25 0.982744194421
612.5 0.984210871077
612.75 0.985674866627
613.0 0.987137060631
613.25 0.98790653534
613.5 0.987010010626
613.75 0.986109549851
614.0 0.985205927237
614.25 0.984299912606
614.5 0.983392168682
614.75 0.982483276845
615.0 0.981573776174
615.25 0.981824618334
615.5 0.982545445779
615.75 0.983270257513
616.0 0.983999321568
616.25 0.984732915127
616.5 0.985471292354
616.75 0.986214594866
617.0 0.986813149554
617.25 0.986434369982
617.5 0.986058443916
617.75 0.985685342519
618.0 0.985314974306
618.25 0.984947226808
618.5 0.984581963363
618.75 0.984218939738
619.0 0.983782289146
619.25 0.983285629308
619.5 0.982789913891
619.75 0.982294733918
620.0 0.981799642361
620.25 0.981304142339
620.5 0.980807752673
620.75 0.980309971103
621.0 0.980598416479
621.25 0.980909742765
621.5 0.981219980299
621.75 0.981528660198
622.0 0.981835326832
622.25 0.982139596422
622.5 0.982441169632
622.75 0.982412960982
623.0 0.98186993095
623.25 0.981321997311
623.5 0.980769251077
623.75 0.980211914513
624.0 0.979650342697
624.25 0.979085038396
624.5 0.978516674765
624.75 0.97811571419
625.0 0.977753858127
625.25 0.977392398846
625.5 0.977032625821
625.75 0.976675985869
626.0 0.976324010922
626.25 0.975978310972
626.5 0.97591277414
626.75 0.976775150665
627.0 0.977651409779
627.25 0.978543068163
627.5 0.97945143598
627.75 0.980377615822
628.0 0.981322453864
628.25 0.98228641068
628.5 0.982002431484
628.75 0.981045715039
629.0 0.980101861937
629.25 0.979169399155
629.5 0.978246360695
629.75 0.977330329069
630.0 0.976418478036
630.25 0.975691013874
630.5 0.977494844856
630.75 0.979299853299
631.0 0.981102282627
631.25 0.982898334594
631.5 0.984684323839
631.75 0.986456786801
632.0 0.988212516883
632.25 0.989149896839
632.5 0.989220643795
632.75 0.98926376666
633.0 0.989278140698
633.25 0.989263257128
633.5 0.989219169853
633.75 0.989146515211
634.0 0.989046541773
634.25 0.988299402274
634.5 0.987463252999
634.75 0.986604901098
635.0 0.985727212206
635.25 0.984833231511
635.5 0.983926107953
635.75 0.983009037631
636.0 0.982137824451
636.25 0.981372134077
636.5 0.980605800174
636.75 0.979841525297
637.0 0.979081758924
637.25 0.978328667612
637.5 0.977584123418
637.75 0.976849733236
638.0 0.976123436607
638.25 0.975408432299
638.5 0.974706593439
638.75 0.974018422595
639.0 0.973344176482
639.25 0.972683913409
639.5 0.9720374709
639.75 0.971563359059
640.0 0.971912582167
640.25 0.972276194847
640.5 0.972653450728
640.75 0.97304354479
641.0 0.973445518897
641.25 0.973858358117
641.5 0.974280995438
641.75 0.974578511563
642.0 0.974787588718
642.25 0.975002486025
642.5 0.975222298921
642.75 0.975445582044
643.0 0.975671408343
643.25 0.97589883216
643.5 0.976122557042
643.75 0.974729583283
644.0 0.973331899605
644.25 0.971929010305
644.5 0.970520458208
644.75 0.969106123674
645.0 0.96768627249
645.25 0.9662614018
645.5 0.964540925519
645.75 0.962417217836
646.0 0.960290501097
646.25 0.958162808254
646.5 0.956036706615
646.75 0.953915120128
647.0 0.951801400913
647.25 0.949699447303
647.5 0.952181364001
647.75 0.955558870515
648.0 0.958977818253
648.25 0.962444558613
648.5 0.965965884168
648.75 0.969548922257
649.0 0.973201013744
649.25 0.975455248398
649.5 0.973599818062
649.75 0.971814676452
650.0 0.970104815752
650.25 0.968474396903
650.5 0.966926518588
650.75 0.965462707154
651.0 0.964083581274
651.25 0.964550578396
651.5 0.965937521727
651.75 0.967411765757
652.0 0.96896609846
652.25 0.970590927794
652.5 0.972274266284
652.75 0.974001669153
653.0 0.975778963111
653.25 0.977770561038
653.5 0.979751163747
653.75 0.981698559163
654.0 0.983589495951
654.25 0.985400079242
654.5 0.98710641434
654.75 0.988685155931
655.0 0.990484946471
655.25 0.992461077995
655.5 0.994251530003
655.75 0.995840757649
656.0 0.997216667324
656.25 0.998370794664
656.5 0.999298696601
656.75 1.0
657.0 0.999538290211
657.25 0.998798623
657.5 0.997855312621
657.75 0.996723856205
658.0 0.995422642239
658.25 0.993972372003
658.5 0.992395487697
658.75 0.991149699805
659.0 0.990606920155
659.25 0.990007891451
659.5 0.989376186405
659.75 0.98873445563
660.0 0.988104096227
660.25 0.987504865537
660.5 0.986954572536
660.75 0.987359876294
661.0 0.98809853678
661.25 0.988925422089
661.5 0.989849676572
661.75 0.990878157381
662.0 0.99201550631
662.25 0.993264274625
662.5 0.994401500718
662.75 0.994731410308
663.0 0.995168567241
663.25 0.995708340728
663.5 0.996344829432
663.75 0.997071140536
664.0 0.997879568263
664.25 0.998761697963
664.5 0.998142061788
664.75 0.996594401134
665.0 0.99508818771
665.25 0.993613859022
665.5 0.992162106896
665.75 0.990724016386
666.0 0.989291154525
666.25 0.987882549101
666.5 0.98721625641
666.75 0.986535459406
667.0 0.985834978521
667.25 0.985110043228
667.5 0.98435695653
667.75 0.983572929453
668.0 0.982756055477
668.25 0.981973197357
668.5 0.981238117113
668.75 0.980469702914
669.0 0.979669182381
669.25 0.978838402154
669.5 0.977979724515
669.75 0.97709593063
670.0 0.976190294556
670.25 0.97580574886
670.5 0.97548539594
670.75 0.975154253422
671.0 0.974815608201
671.25 0.9744727675
671.5 0.974128817894
671.75 0.973786709509
672.0 0.973799265411
672.25 0.974666985941
672.5 0.975545169515
672.75 0.976435729488
673.0 0.977340335714
673.25 0.978260295342
673.5 0.979196613151
673.75 0.980150111998
674.0 0.979606621418
674.25 0.97846512501
674.5 0.977338825419
674.75 0.976227658101
675.0 0.975131396313
675.25 0.974049737172
675.5 0.972982242067
675.75 0.971860024609
676.0 0.970297220588
676.25 0.968745942007
676.5 0.967205445628
676.75 0.965674936592
677.0 0.964153627377
677.25 0.962640694118
677.5 0.961135276025
677.75 0.95903769841
678.0 0.956455040915
678.25 0.953875171251
678.5 0.951297187079
678.75 0.948720188155
679.0 0.946143259555
679.25 0.943565514175
679.5 0.940986134431
679.75 0.939143000785
680.0 0.937321298666
680.25 0.935497213384
680.5 0.933670059951
680.75 0.93183923679
681.0 0.93000419238
681.25 0.928164463138
681.5 0.927426452931
681.75 0.928425661384
682.0 0.929425215673
682.25 0.930424116011
682.5 0.931422520424
682.75 0.932420164523
683.0 0.93341691252
683.25 0.934412647146
683.5 0.934908351422
683.75 0.93528350493
684.0 0.93565636966
684.25 0.936026991727
684.5 0.936395421915
684.75 0.936761726729
685.0 0.937126002617
685.25 0.936802791448
685.5 0.934147400851
685.75 0.931484405423
686.0 0.928813895128
686.25 0.926135922152
686.5 0.923450606877
686.75 0.920758071196
687.0 0.918058355351
687.25 0.917293471607
687.5 0.917586243981
687.75 0.917877712904
688.0 0.918167936137
688.25 0.918456960589
688.5 0.918744783334
688.75 0.919031403011
689.0 0.919322445245
689.25 0.919691414781
689.5 0.920059362896
689.75 0.920426419529
690.0 0.920792548726
690.25 0.921157780442
690.5 0.92152216191
690.75 0.921885736427
691.0 0.92229168739
691.25 0.922742773557
691.5 0.923193398549
691.75 0.923643664762
692.0 0.924093679319
692.25 0.924543583789
692.5 0.924993544388
692.75 0.925443650433
693.0 0.925206136614
693.25 0.924895331741
693.5 0.924583678463
693.75 0.924271394715
694.0 0.923958723905
694.25 0.923645916104
694.5 0.923333225862
694.75 0.92353289202
695.0 0.924802759567
695.25 0.926076636473
695.5 0.927354864337
695.75 0.928637820935
696.0 0.929925903224
696.25 0.931219515924
696.5 0.932519078362
696.75 0.933901717712
697.0 0.935317821296
697.25 0.93674145096
697.5 0.938173087101
697.75 0.939613216408
698.0 0.941062321052
698.25 0.94252092889
698.5 0.94358097391
698.75 0.942546604131
699.0 0.941517886764
699.25 0.940495185281
699.5 0.939478828237
699.75 0.938469059214
700.0 0.937466018884
700.25 0.9364697757
700.5 0.936087546268
700.75 0.936149783476
701.0 0.936220694726
701.25 0.936299861349
701.5 0.93638669984
701.75 0.936480430012
702.0 0.936580105927
702.25 0.936683571883
702.5 0.936025208605
702.75 0.935367139745
703.0 0.934707724154
703.25 0.934045138049
703.5 0.933377470518
703.75 0.932702782981
704.0 0.932019034966
704.25 0.93144488346
704.5 0.931024462735
704.75 0.93058948671
705.0 0.930138072105
705.25 0.929668438096
705.5 0.929178932741
705.75 0.92866812329
706.0 0.928134833212
706.25 0.926732147887
706.5 0.925142418689
706.75 0.923526329402
707.0 0.921883886018
707.25 0.920215402681
707.5 0.918521493956
707.75 0.916803027799
708.0 0.915571777359
708.25 0.915779176506
708.5 0.915969346489
708.75 0.916143937309
709.0 0.916304745028
709.25 0.916453679278
709.5 0.916592738743
709.75 0.91672399549
710.0 0.91582515487
710.25 0.914435528702
710.5 0.913041775597
710.75 0.91164572927
711.0 0.91024908748
711.25 0.908853304158
711.5 0.907459973187
711.75 0.906337334071
712.0 0.907682039548
712.25 0.909036448982
712.5 0.910401316158
712.75 0.911777220916
713.0 0.913164601298
713.25 0.914563728303
713.5 0.915974673906
713.75 0.91646696079
714.0 0.916100146107
714.25 0.915741604194
714.5 0.915390931455
714.75 0.915047682697
715.0 0.914711393686
715.25 0.914381545934
715.5 0.914057614707
715.75 0.913398442254
716.0 0.912720434395
716.25 0.912046167672
716.5 0.911375194006
716.75 0.910707129907
717.0 0.910041673019
717.25 0.909378567286
717.5 0.908216086142
717.75 0.906145986293
718.0 0.904075099251
718.25 0.902003316625
718.5 0.899930802594
718.75 0.897857582388
719.0 0.895783788036
719.25 0.893709586635
719.5 0.894226671656
719.75 0.895501257918
720.0 0.896782733844
720.25 0.898071371877
720.5 0.899367369963
720.75 0.900670889306
721.0 0.901982083382
721.25 0.902823171092
721.5 0.901689632046
721.75 0.900558637151
722.0 0.899430070451
722.25 0.898303669462
722.5 0.897179076357
722.75 0.896055816722
723.0 0.894933230893
723.25 0.894303284092
723.5 0.893983965217
723.75 0.893664771349
724.0 0.893344756618
724.25 0.893022886821
724.5 0.892698063917
724.75 0.892369140852
725.0 0.891986522415
725.25 0.890183256293
725.5 0.888369198685
725.75 0.886543042041
726.0 0.88470362251
726.25 0.882849857378
726.5 0.880980718981
726.75 0.879095271175
727.0 0.878037931307
727.25 0.877988473563
727.5 0.877924207779
727.75 0.877844631594
728.0 0.87774937122
728.25 0.877638198624
728.5 0.877511075508
728.75 0.877368134039
729.0 0.876384490235
729.25 0.875262759322
729.5 0.874124897444
729.75 0.872971683277
730.0 0.871803994987
730.25 0.870622834299
730.5 0.86942927163
730.75 0.868511511447
731.0 0.868284016518
731.25 0.868049256939
731.5 0.867808487469
731.75 0.867562964848
732.0 0.867313924316
732.25 0.86706254649
732.5 0.866810143359
732.75 0.865485361876
733.0 0.863722464964
733.25 0.861959426344
733.5 0.860197141468
733.75 0.858436372024
734.0 0.856677802244
734.25 0.854922045182
734.5 0.853318686059
734.75 0.852720802974
735.0 0.852128793044
735.25 0.851542865179
735.5 0.850963175223
735.75 0.850389836698
736.0 0.849822846459
736.25 0.849262124954
736.5 0.848756549385
736.75 0.848297319629
737.0 0.847843969457
737.25 0.847396201597
737.5 0.84695369052
737.75 0.846516091372
738.0 0.846083017225
738.25 0.845654031749
738.5 0.845155000726
738.75 0.844656640771
739.0 0.844160880032
739.25 0.843667367463
739.5 0.843175614451
739.75 0.842685173155
740.0 0.842195598438
740.25 0.841780812996
740.5 0.841483796782
740.75 0.841186833455
741.0 0.840889570586
741.25 0.84059167358
741.5 0.840292833205
741.75 0.839992765036
742.0 0.839691214979
742.25 0.839187477074
742.5 0.838633397754
742.75 0.838076738929
743.0 0.837517354205
743.25 0.836955124545
743.5 0.836389954531
743.75 0.835821738912
744.0 0.835927161161
744.25 0.838347923872
744.5 0.840771191592
744.75 0.843196938654
745.0 0.845625144105
745.25 0.848055787418
745.5 0.850488885911
745.75 0.852924287109
746.0 0.85343870863
746.25 0.852894741178
746.5 0.852347583972
746.75 0.851797223069
747.0 0.851243642452
747.25 0.850686823816
747.5 0.850126754547
747.75 0.849402292551
748.0 0.846347855541
748.25 0.843285548392
748.5 0.840215384657
748.75 0.837137364043
749.0 0.834051486415
749.25 0.830957769984
749.5 0.827856248662
749.75 0.822700210867
750.0 0.81534994243
750.25 0.807984436257
750.5 0.800603789518
750.75 0.793208117998
751.0 0.785797549868
751.25 0.778372198848
751.5 0.770932182342
751.75 0.764296483262
752.0 0.757735493336
752.25 0.751161840987
752.5 0.744575740174
752.75 0.737977281438
753.0 0.731366580397
753.25 0.724743744173
753.5 0.718787238028
753.75 0.714244658772
754.0 0.709693995906
754.25 0.70513530581
754.5 0.700568672891
754.75 0.695994145818
755.0 0.691411717253
755.25 0.686821380097
755.5 0.684579221283
755.75 0.683153048782
756.0 0.681724618563
756.25 0.680293881662
756.5 0.678860780583
756.75 0.677425234445
757.0 0.675987130377
757.25 0.674578639697
757.5 0.673335349365
757.75 0.672089561756
758.0 0.670841102587
758.25 0.66958983195
758.5 0.668335605007
758.75 0.667078219618
759.0 0.665817639276
759.25 0.666901806499
759.5 0.669683792174
759.75 0.672469408205
760.0 0.67525849497
760.25 0.678050889863
760.5 0.680846435952
760.75 0.683644980732
761.0 0.68644636593
761.25 0.685082112005
761.5 0.683712973808
761.75 0.682338843309
762.0 0.680959592292
762.25 0.679575093746
762.5 0.678185280222
762.75 0.676790098462
763.0 0.67582872097
763.25 0.675471407365
763.5 0.6751103099
763.75 0.674745398027
764.0 0.67437663399
764.25 0.674003993619
764.5 0.673627464633
764.75 0.67324705006
765.0 0.671743518372
765.25 0.670018692463
765.5 0.668287912394
765.75 0.666551198505
766.0 0.664808633909
766.25 0.663060344776
766.5 0.661306451787
766.75 0.659624389599
767.0 0.65815973442
767.25 0.656690387337
767.5 0.65521651697
767.75 0.653738289666
768.0 0.652255889964
768.25 0.650769515361
768.5 0.649279367629
768.75 0.64954561106
769.0 0.650650707801
769.25 0.651756758391
769.5 0.652863987877
769.75 0.65397265012
770.0 0.655082974445
770.25 0.656195187704
770.5 0.657371231438
770.75 0.659127625977
771.0 0.660887619469
771.25 0.662651433246
771.5 0.664419266711
771.75 0.666191316553
772.0 0.66796776821
772.25 0.669748790978
772.5 0.670564578575
772.75 0.670472601274
773.0 0.670382539842
773.25 0.67029446782
773.5 0.670208438848
773.75 0.670124515655
774.0 0.670042736342
774.25 0.669963103079
774.5 0.672919462091
774.75 0.676093564728
775.0 0.67927526791
775.25 0.682464561503
775.5 0.685661414695
775.75 0.688865791099
776.0 0.692077632402
776.25 0.695058671801
776.5 0.697612483734
776.75 0.700172304426
777.0 0.702738031615
777.25 0.705309546006
777.5 0.707886732112
777.75 0.710469430285
778.0 0.713057597041
778.25 0.712693477048
778.5 0.711463893589
778.75 0.710232549405
779.0 0.708999330093
779.25 0.707764099812
779.5 0.706526697398
779.75 0.705286987068
780.0 0.704107937348
780.25 0.703190349383
780.5 0.70227062451
780.75 0.701348616885
781.0 0.700424170548
781.25 0.69949713745
781.5 0.698567370259
781.75 0.697634701053
782.0 0.69684459493
782.25 0.696143738042
782.5 0.695439845737
782.75 0.694732713454
783.0 0.694022128062
783.25 0.693307869356
783.5 0.692589707965
783.75 0.691891499085
784.0 0.691924295979
784.25 0.691953848031
784.5 0.691979962937
784.75 0.692002451291
785.0 0.692021105426
785.25 0.69203574472
785.5 0.6920462134
785.75 0.690776840219
786.0 0.687947158095
786.25 0.685108332015
786.5 0.682260346799
786.75 0.679403238349
787.0 0.676537106531
787.25 0.673662074497
787.5 0.670778270536
787.75 0.671448026768
788.0 0.672646159218
788.25 0.673842654482
788.5 0.675037728844
788.75 0.676231661655
789.0 0.677424805875
789.25 0.678617511617
789.5 0.679261274692
789.75 0.67855742799
790.0 0.677851383796
790.25 0.677143567952
790.5 0.676434359094
790.75 0.675724216271
791.0 0.675013540985
791.25 0.674302709088
791.5 0.67301887441
791.75 0.671499240379
792.0 0.669979252337
792.25 0.668459201371
792.5 0.666939342258
792.75 0.665419896285
793.0 0.663901056154
793.25 0.662215102207
793.5 0.659388005862
793.75 0.65655971559
794.0 0.653730254017
794.25 0.650899601543
794.5 0.648067733624
794.75 0.645234596399
795.0 0.642400089249
795.25 0.640889233048
795.5 0.640474812368
795.75 0.640062842951
796.0 0.6396532013
796.25 0.639245802048
796.5 0.638840416636
796.75 0.638436945569
797.0 0.638035243185
797.25 0.6385683796
797.5 0.639136590409
797.75 0.639707813268
798.0 0.640281894354
798.25 0.640858669813
798.5 0.641437969754
798.75 0.642019624248
799.0 0.642035584318
799.25 0.641149152103
799.5 0.640261832503
799.75 0.639373440172
800.0 0.638483780285
800.25 0.637592648006
800.5 0.636699840758
800.75 0.635805171037
801.0 0.635712577958
801.25 0.635813503147
801.5 0.63591375278
801.75 0.636013098134
802.0 0.636111320063
802.25 0.63620819148
802.5 0.636303529663
802.75 0.636077486547
803.0 0.634745902839
803.25 0.633409519496
803.5 0.632068129284
803.75 0.630721547494
804.0 0.629369601869
804.25 0.62801214453
804.5 0.626649052607
804.75 0.625682754705
805.0 0.624933876102
805.25 0.624180125236
805.5 0.623421427942
805.75 0.622657727588
806.0 0.62188900028
806.25 0.621115243575
806.5 0.620332569613
806.75 0.619487270479
807.0 0.618636954528
807.25 0.617781719979
807.5 0.616921670527
807.75 0.616056919397
808.0 0.615187610973
808.25 0.614313915266
808.5 0.613513900017
808.75 0.612793509165
809.0 0.61206950986
809.25 0.611342100924
809.5 0.610611460461
809.75 0.609877791728
810.0 0.609141325179
810.25 0.608402279697
810.5 0.605554147376
810.75 0.602471610097
811.0 0.599383394758
811.25 0.596289700711
811.5 0.593190710312
811.75 0.590086609196
812.0 0.586977590426
812.25 0.585371584429
812.5 0.586949714529
812.75 0.588530932361
813.0 0.590115407517
813.25 0.591703307773
813.5 0.593294810674
813.75 0.594890062789
814.0 0.596489167828
814.25 0.595568496943
814.5 0.59376353654
814.75 0.591957227157
815.0 0.590149655549
815.25 0.588340892175
815.5 0.586530991992
815.75 0.58472000458
816.0 0.583087152498
816.25 0.582395084597
816.5 0.581703928957
816.75 0.581013704502
817.0 0.580324434509
817.25 0.579636121459
817.5 0.578948740823
817.75 0.578262256424
818.0 0.576656658797
818.25 0.574381571872
818.5 0.572104392282
818.75 0.569825021955
819.0 0.567543338338
819.25 0.565259208922
819.5 0.562972489726
819.75 0.560683031348
820.0 0.558564681606
820.25 0.556443859425
820.5 0.554320113427
820.75 0.552193277551
821.0 0.55006317034
821.25 0.547929585475
821.5 0.545792320443
821.75 0.544654018619
822.0 0.544911480555
822.25 0.545169127426
822.5 0.545426773901
822.75 0.545684232256
823.0 0.545941325863
823.25 0.546197897827
823.5 0.546453784507
823.75 0.54569801705
824.0 0.544742726295
824.25 0.543784105928
824.5 0.542822051754
824.75 0.541856473355
825.0 0.540887276805
825.25 0.539914393503
825.5 0.540351813823
825.75 0.544889356435
826.0 0.549432960853
826.25 0.553982535887
826.5 0.558538036003
826.75 0.563099420571
827.0 0.567666670625
827.25 0.572239755978
827.5 0.571188822382
827.75 0.567431503685
828.0 0.563665507226
828.25 0.559890886649
828.5 0.556107706805
828.75 0.552316022896
829.0 0.548515876229
829.25 0.544878010604
829.5 0.542856278773
829.75 0.540829295699
830.0 0.538797081381
830.25 0.536759640214
830.5 0.534716980321
830.75 0.532669123278
831.0 0.53061607142
831.25 0.529136623597
831.5 0.528199527588
831.75 0.527259117583
832.0 0.526315299742
832.25 0.525368050723
832.5 0.524417357467
832.75 0.52346319224
833.0 0.52250552173
833.25 0.520687226715
833.5 0.518803193404
833.75 0.516914147564
834.0 0.515020103375
834.25 0.513121064537
834.5 0.511217043382
834.75 0.509308071816
835.0 0.508402058601
835.25 0.509340639217
835.5 0.510278856964
835.75 0.51121674889
836.0 0.512154345899
836.25 0.513091702655
836.5 0.514028879619
836.75 0.514965924242
837.0 0.512639468277
837.25 0.509345810239
837.5 0.506045743249
837.75 0.502739339852
838.0 0.499426676323
838.25 0.49610781757
838.5 0.49278283077
838.75 0.489934493149
839.0 0.489117473816
839.25 0.488298265726
839.5 0.487476891596
839.75 0.486653375612
840.0 0.485827728858
840.25 0.484999949201
840.5 0.484170022252
840.75 0.482980010267
841.0 0.481559270788
841.25 0.480135460135
841.5 0.478708561613
841.75 0.477278560927
842.0 0.475845443888
842.25 0.474409201493
842.5 0.473018314591
842.75 0.473174814718
843.0 0.473330539535
843.25 0.473485456818
843.5 0.473639580934
843.75 0.473792931345
844.0 0.473945535386
844.25 0.474097442037
844.5 0.473908321135
844.75 0.473301216907
845.0 0.472692516807
845.25 0.472082315639
845.5 0.471470702804
845.75 0.470857767958
846.0 0.470243625097
846.25 0.469628408316
846.5 0.468643640605
846.75 0.467601868856
847.0 0.466558758811
847.25 0.46551444501
847.5 0.464469057851
847.75 0.463422722889
848.0 0.462375544576
848.25 0.460917325719
848.5 0.458444234469
848.75 0.455968540306
849.0 0.453490311228
849.25 0.451009616051
849.5 0.448526507511
849.75 0.446041030935
850.0 0.443553222631
850.25 0.441750606772
850.5 0.44023105692
850.75 0.438710684043
851.0 0.437189483586
851.25 0.43566743959
851.5 0.434144530513
851.75 0.432620729882
852.0 0.431441356587
852.25 0.432639619319
852.5 0.433841161876
852.75 0.435045963223
853.0 0.436253998364
853.25 0.437465228408
853.5 0.438679613323
853.75 0.439897176341
854.0 0.4407824453
854.25 0.441391362049
854.5 0.442002207331
854.75 0.442614887202
855.0 0.443229316437
855.25 0.443845400716
855.5 0.444463039909
855.75 0.445082139064
856.0 0.447189169635
856.25 0.449353050197
856.5 0.451520609588
856.75 0.453691736205
857.0 0.455866306418
857.25 0.458044170142
857.5 0.460225187322
857.75 0.460523457137
858.0 0.457804434526
858.25 0.455079939157
858.5 0.452349798508
858.75 0.449613834566
859.0 0.44687187224
859.25 0.444123623763
859.5 0.441369116756
859.75 0.438466548695
860.0 0.435522562497
860.25 0.432571448446
860.5 0.42961305644
860.75 0.426647239566
861.0 0.423673861768
861.25 0.420692805317
861.5 0.418282797229
861.75 0.417878935827
862.0 0.417471069379
862.25 0.417059099611
862.5 0.416642952746
862.75 0.416222571335
863.0 0.415797919271
863.25 0.415368986024
863.5 0.415512096183
863.75 0.415972334889
864.0 0.416429676987
864.25 0.416884199947
864.5 0.417336003585
864.75 0.417785353249
865.0 0.418232175676
865.25 0.418559170002
865.5 0.41710604987
865.75 0.415648655116
866.0 0.414187239533
866.25 0.412722055229
866.5 0.411253369519
866.75 0.409781455359
867.0 0.408306582669
867.25 0.407641330145
867.5 0.407850362385
867.75 0.408059312873
868.0 0.408268400522
868.25 0.408477807556
868.5 0.408687723404
868.75 0.408898315577
869.0 0.409109717677
869.25 0.407413269756
869.5 0.405504790334
869.75 0.403594645681
870.0 0.401682747313
870.25 0.399769241722
870.5 0.397853981858
870.75 0.395936888313
871.0 0.394590988132
871.25 0.394462458114
871.5 0.394334084464
871.75 0.394205744918
872.0 0.394077309308
872.25 0.393948641333
872.5 0.393819611696
872.75 0.393690097691
873.0 0.392506968793
873.25 0.390950216181
873.5 0.389390834516
873.75 0.387828788758
874.0 0.386264058392
874.25 0.384696645741
874.5 0.383126592165
874.75 0.381648664628
875.0 0.380671026592
875.25 0.379691839863
875.5 0.378711236293
875.75 0.377729488857
876.0 0.376746760958
876.25 0.375763295043
876.5 0.37477935654
876.75 0.374942870205
877.0 0.375946632235
877.25 0.376953338389
877.5 0.377963282975
877.75 0.378976777817
878.0 0.379994109206
878.25 0.381015520757
878.5 0.382041236846
878.75 0.380690104179
879.0 0.379333687647
879.25 0.377978605703
879.5 0.376624844352
879.75 0.375272334461
880.0 0.373920946789
880.25 0.372570491007
880.5 0.370922062997
880.75 0.3688550199
881.0 0.366786761546
881.25 0.364716998913
881.5 0.362645258561
881.75 0.360571042478
882.0 0.358493829232
882.25 0.356413068007
882.5 0.356429544215
882.75 0.356857576154
883.0 0.357284223753
883.25 0.357708864994
883.5 0.358130873453
883.75 0.358549619913
884.0 0.358964494162
884.25 0.359570621256
884.5 0.360743701743
884.75 0.361912378366
885.0 0.36307617258
885.25 0.364234644088
885.5 0.365387428578
885.75 0.366534255921
886.0 0.367674870506
886.25 0.3670818788
886.5 0.365646528331
886.75 0.364202238427
887.0 0.362749321319
887.25 0.361288168947
887.5 0.359819263295
887.75 0.358343173738
888.0 0.356983604575
888.25 0.356807956776
888.5 0.356628359554
888.75 0.356445602986
889.0 0.356260512749
889.25 0.35607396838
889.5 0.355886885431
889.75 0.355700199754
890.0 0.354261294372
890.25 0.351633590468
890.5 0.349007018297
890.75 0.346382411062
891.0 0.343760551554
891.25 0.341142100108
891.5 0.338527849431
891.75 0.335918315308
892.0 0.337291883709
892.25 0.338964136927
892.5 0.340647576939
892.75 0.342342814515
893.0 0.344050370707
893.25 0.345770673701
893.5 0.347504074153
893.75 0.348105946732
894.0 0.346607693082
894.25 0.345117627927
894.5 0.343635381138
894.75 0.342160484683
895.0 0.340692371668
895.25 0.339230391241
895.5 0.337773814414
895.75 0.336332963479
896.0 0.334899137398
896.25 0.333468088826
896.5 0.332038849153
896.75 0.330610379532
897.0 0.329181620464
897.25 0.327751493182
897.5 0.326636019232
897.75 0.32686799168
898.0 0.327098875261
898.25 0.327327568039
898.5 0.327552979068
898.75 0.32777403426
899.0 0.327989675753
899.25 0.328198884818
899.5 0.328320372781
899.75 0.328381914499
900.0 0.328434038976
900.25 0.328475981486
900.5 0.328507051949
900.75 0.32852662694
901.0 0.328534171372
901.25 0.328439196052
901.5 0.325310515897
901.75 0.322164588506
902.0 0.319001701178
902.25 0.315822189789
902.5 0.312626485185
902.75 0.309415102922
903.0 0.30618864632
903.25 0.305382645994
903.5 0.307562857656
903.75 0.309734090894
904.0 0.311896681279
904.25 0.314051038162
904.5 0.316197660824
904.75 0.318337136953
905.0 0.320470118988
905.25 0.317691323347
905.5 0.314156844387
905.75 0.310616394167
906.0 0.307071050437
906.25 0.303521879178
906.5 0.299969866858
906.75 0.296416106732
907.0 0.293893975482
907.25 0.293938869062
907.5 0.293985723454
907.75 0.294035426747
908.0 0.29408886229
908.25 0.294146889084
908.5 0.294210333436
908.75 0.294279996614
909.0 0.29352806659
909.25 0.29243860901
909.5 0.291356836427
909.75 0.290283304131
910.0 0.289218506587
910.25 0.288162885158
910.5 0.287116822851
910.75 0.286306832457
911.0 0.287083885879
911.25 0.287873328747
911.5 0.288675552985
911.75 0.289490866453
912.0 0.290319567016
912.25 0.291161885447
912.5 0.292018005538
912.75 0.291268252641
913.0 0.289175296812
913.25 0.287090902703
913.5 0.285014629389
913.75 0.2829459857
914.0 0.280884435227
914.25 0.278829384835
914.5 0.276780197378
914.75 0.27652576134
915.0 0.276346642865
915.25 0.276175790909
915.5 0.276012590196
915.75 0.275856379381
916.0 0.275706452132
916.25 0.275562066326
916.5 0.274263652031
916.75 0.271100478098
917.0 0.267932111974
917.25 0.264757565092
917.5 0.261575865768
917.75 0.258386069589
918.0 0.255187262993
918.25 0.251978565285
918.5 0.252916020909
918.75 0.254876152537
919.0 0.256838101993
919.25 0.258800950269
919.5 0.260763758115
919.75 0.262725579048
920.0 0.264685477363
920.25 0.266135135141
920.5 0.265800145926
920.75 0.265455082094
921.0 0.265099331124
921.25 0.264732330936
921.5 0.264353505478
921.75 0.26396255953
922.0 0.263559043502
922.25 0.262929845045
922.5 0.262168059721
922.75 0.261392447404
923.0 0.260602963941
923.25 0.259799622426
923.5 0.258982522746
923.75 0.25815184634
924.0 0.257323916369
924.25 0.25673213581
924.5 0.256127944556
924.75 0.255511719302
925.0 0.254883889532
925.25 0.254244945313
925.5 0.253595412399
925.75 0.252935852249
926.0 0.252161879839
926.25 0.251265298567
926.5 0.250360515774
926.75 0.24944809759
927.0 0.248528803401
927.25 0.24760333651
927.5 0.246672405652
927.75 0.245736700213
928.0 0.246385967528
928.25 0.247209972946
928.5 0.248031412223
928.75 0.248850885314
929.0 0.249668984919
929.25 0.250486295338
929.5 0.251303395869
929.75 0.251052091296
930.0 0.248515903651
930.25 0.245980778362
930.5 0.24344714675
930.75 0.240915378824
931.0 0.238385801397
931.25 0.235858701124
931.5 0.23333438445
931.75 0.231209344602
932.0 0.229228296473
932.25 0.227250602579
932.5 0.225276378849
932.75 0.223305710475
933.0 0.221338655323
933.25 0.21937524233
933.5 0.217678273935
933.75 0.217393940587
934.0 0.217114190435
934.25 0.216839077497
934.5 0.21656865192
934.75 0.216302942011
935.0 0.216041965173
935.25 0.215785735198
935.5 0.214715271943
935.75 0.213047035583
936.0 0.211382170952
936.25 0.209720568045
936.5 0.208062106996
936.75 0.206406675429
937.0 0.204754166379
937.25 0.203104483231
937.5 0.201996108812
937.75 0.20089327578
938.0 0.199793687505
938.25 0.19869729324
938.5 0.197604040092
938.75 0.1965138765
939.0 0.195426760787
939.25 0.194777436615
939.5 0.194744730697
939.75 0.194716714639
940.0 0.194693437051
940.25 0.194674945838
940.5 0.194661283914
940.75 0.194652498318
941.0 0.194648634073
941.25 0.193287585592
941.5 0.191658343827
941.75 0.190030687372
942.0 0.18840450757
942.25 0.186779687815
942.5 0.185156100752
942.75 0.183533611436
943.0 0.182078314065
943.25 0.18111359011
943.5 0.180151104626
943.75 0.179190714891
944.0 0.178232267009
944.25 0.177275588038
944.5 0.176320490578
944.75 0.175366774428
945.0 0.173685433873
945.25 0.171648509845
945.5 0.169609115628
945.75 0.16756690926
946.0 0.165521546247
946.25 0.163472631103
946.5 0.161419786519
946.75 0.159638582003
947.0 0.160567815707
947.25 0.161501154381
947.5 0.162438286082
947.75 0.163378875361
948.0 0.164322561887
948.25 0.165268966317
948.5 0.166217689999
948.75 nan
949.0 nan
949.25 nan
949.5 nan
949.75 nan
950.0 nan
950.25 nan
950.5 nan
950.75 nan
951.0 nan
951.25 nan
951.5 nan
951.75 nan
952.0 nan
952.25 nan
952.5 nan
952.75 nan
953.0 nan
953.25 nan
953.5 nan
953.75 nan
954.0 nan
954.25 nan
954.5 nan
954.75 nan
955.0 nan
955.25 nan
955.5 nan
955.75 nan
956.0 nan
956.25 nan
956.5 nan
956.75 nan
957.0 nan
957.25 nan
957.5 nan
957.75 nan
958.0 nan
958.25 nan
958.5 nan
958.75 nan
959.0 nan
959.25 nan
959.5 nan
959.75 nan
960.0 nan
960.25 nan
960.5 nan
960.75 nan
961.0 nan
961.25 nan
961.5 nan
961.75 nan
962.0 nan
962.25 nan
962.5 nan
962.75 nan
963.0 nan
963.25 nan
963.5 nan
963.75 nan
964.0 nan
964.25 nan
964.5 nan
964.75 nan
965.0 nan
965.25 nan
965.5 nan
965.75 nan
966.0 nan
966.25 nan
966.5 nan
966.75 nan
967.0 nan
967.25 nan
967.5 nan
967.75 nan
968.0 nan
968.25 nan
968.5 nan
968.75 nan
969.0 nan
969.25 nan
969.5 nan
969.75 nan
970.0 nan
970.25 nan
970.5 nan
970.75 nan
971.0 nan
971.25 nan
971.5 nan
971.75 nan
972.0 nan
972.25 nan
972.5 nan
972.75 nan
973.0 nan
973.25 nan
973.5 nan
973.75 nan
974.0 nan
974.25 nan
974.5 nan
974.75 nan
975.0 nan
975.25 nan
975.5 nan
975.75 nan
976.0 nan
976.25 nan
976.5 nan
976.75 nan
977.0 nan
977.25 nan
977.5 nan
977.75 nan
978.0 nan
978.25 nan
978.5 nan
978.75 nan
979.0 nan
979.25 nan
979.5 nan
979.75 nan
980.0 nan
980.25 nan
980.5 nan
980.75 nan
981.0 nan
981.25 nan
981.5 nan
981.75 nan
982.0 nan
982.25 nan
982.5 nan
982.75 nan
983.0 nan
983.25 nan
983.5 nan
983.75 nan
984.0 nan
984.25 nan
984.5 nan
984.75 nan
985.0 nan
985.25 nan
985.5 nan
985.75 nan
986.0 nan
986.25 nan
986.5 nan
986.75 nan
987.0 nan
987.25 nan
987.5 nan
987.75 nan
988.0 nan
988.25 nan
988.5 nan
988.75 nan
989.0 nan
989.25 nan
989.5 nan
989.75 nan
990.0 nan
990.25 nan
990.5 nan
990.75 nan
991.0 nan
991.25 nan
991.5 nan
991.75 nan
992.0 nan
992.25 nan
992.5 nan
992.75 nan
993.0 nan
993.25 nan
993.5 nan
993.75 nan
994.0 nan
994.25 nan
994.5 nan
994.75 nan
995.0 nan
995.25 nan
995.5 nan
995.75 nan
996.0 nan
996.25 nan
996.5 nan
996.75 nan
997.0 nan
997.25 nan
997.5 nan
997.75 nan
998.0 nan
998.25 nan
998.5 nan
998.75 nan
999.0 nan
999.25 nan
999.5 nan
999.75 nan
1000.0 nan
1000.25 nan
1000.5 nan
1000.75 nan
1001.0 nan
1001.25 nan
1001.5 nan
1001.75 nan
1002.0 nan
1002.25 nan
1002.5 nan
1002.75 nan
1003.0 nan
1003.25 nan
1003.5 nan
1003.75 nan
1004.0 nan
1004.25 nan
1004.5 nan
1004.75 nan
1005.0 nan
1005.25 nan
1005.5 nan
1005.75 nan
1006.0 nan
1006.25 nan
1006.5 nan
1006.75 nan
1007.0 nan
1007.25 nan
1007.5 nan
1007.75 nan
1008.0 nan
1008.25 nan
1008.5 nan
1008.75 nan
1009.0 nan
1009.25 nan
1009.5 nan
1009.75 nan
1010.0 nan
1010.25 nan
1010.5 nan
1010.75 nan
1011.0 nan
1011.25 nan
1011.5 nan
1011.75 nan
1012.0 nan
1012.25 nan
1012.5 nan
1012.75 nan
1013.0 nan
1013.25 nan
1013.5 nan
1013.75 nan
1014.0 nan
1014.25 nan
1014.5 nan
1014.75 nan
1015.0 nan
1015.25 nan
1015.5 nan
1015.75 nan
1016.0 nan
1016.25 nan
1016.5 nan
1016.75 nan
1017.0 nan
1017.25 nan
1017.5 nan
1017.75 nan
1018.0 nan
1018.25 nan
1018.5 nan
1018.75 nan
1019.0 nan
1019.25 nan
1019.5 nan
1019.75 nan
1020.0 nan
1020.25 nan
1020.5 nan
1020.75 nan
1021.0 nan
1021.25 nan
1021.5 nan
1021.75 nan
1022.0 nan
1022.25 nan
1022.5 nan
1022.75 nan
1023.0 nan
1023.25 nan
1023.5 nan
1023.75 nan
1024.0 nan
1024.25 nan
1024.5 nan
1024.75 nan
1025.0 nan
1025.25 nan
1025.5 nan
1025.75 nan
1026.0 nan
1026.25 nan
1026.5 nan
1026.75 nan
1027.0 nan
1027.25 nan
1027.5 nan
1027.75 nan
1028.0 nan
1028.25 nan
1028.5 nan
1028.75 nan
1029.0 nan
1029.25 nan
1029.5 nan
1029.75 nan
1030.0 nan
1030.25 nan
1030.5 nan
1030.75 nan
1031.0 nan
1031.25 nan
1031.5 nan
1031.75 nan
1032.0 nan
1032.25 nan
1032.5 nan
1032.75 nan
1033.0 nan
1033.25 nan
1033.5 nan
1033.75 nan
1034.0 nan
1034.25 nan
1034.5 nan
1034.75 nan
1035.0 nan
1035.25 nan
1035.5 nan
1035.75 nan
1036.0 nan
1036.25 nan
1036.5 nan
1036.75 nan
1037.0 nan
1037.25 nan
1037.5 nan
1037.75 nan
1038.0 nan
1038.25 nan
1038.5 nan
1038.75 nan
1039.0 nan
1039.25 nan
1039.5 nan
1039.75 nan
1040.0 nan
1040.25 nan
1040.5 nan
1040.75 nan
1041.0 nan
1041.25 nan
1041.5 nan
1041.75 nan
1042.0 nan
1042.25 nan
1042.5 nan
1042.75 nan
1043.0 nan
1043.25 nan
1043.5 nan
1043.75 nan
1044.0 nan
1044.25 nan
1044.5 nan
1044.75 nan
1045.0 nan
1045.25 nan
1045.5 nan
1045.75 nan
1046.0 nan
1046.25 nan
1046.5 nan
1046.75 nan
1047.0 nan
1047.25 nan
1047.5 nan
1047.75 nan
1048.0 nan
1048.25 nan
1048.5 nan
1048.75 nan
1049.0 nan
1049.25 nan
1049.5 nan
1049.75 nan
1050.0 nan
1050.25 nan
1050.5 nan
1050.75 nan
1051.0 nan
1051.25 nan
1051.5 nan
1051.75 nan
1052.0 nan
1052.25 nan
1052.5 nan
1052.75 nan
1053.0 nan
1053.25 nan
1053.5 nan
1053.75 nan
1054.0 nan
1054.25 nan
1054.5 nan
1054.75 nan
1055.0 nan
1055.25 nan
1055.5 nan
1055.75 nan
1056.0 nan
1056.25 nan
1056.5 nan
1056.75 nan
1057.0 nan
1057.25 nan
1057.5 nan
1057.75 nan
1058.0 nan
1058.25 nan
1058.5 nan
1058.75 nan
1059.0 nan
1059.25 nan
1059.5 nan
1059.75 nan
1060.0 nan
1060.25 nan
1060.5 nan
1060.75 nan
1061.0 nan
1061.25 nan
1061.5 nan
1061.75 nan
1062.0 nan
1062.25 nan
1062.5 nan
1062.75 nan
1063.0 nan
1063.25 nan
1063.5 nan
1063.75 nan
1064.0 nan
1064.25 nan
1064.5 nan
1064.75 nan
1065.0 nan
1065.25 nan
1065.5 nan
1065.75 nan
1066.0 nan
1066.25 nan
1066.5 nan
1066.75 nan
1067.0 nan
1067.25 nan
1067.5 nan
1067.75 nan
1068.0 nan
1068.25 nan
1068.5 nan
1068.75 nan
1069.0 nan
1069.25 nan
1069.5 nan
1069.75 nan
1070.0 nan
1070.25 nan
1070.5 nan
1070.75 nan
1071.0 nan
1071.25 nan
1071.5 nan
1071.75 nan
1072.0 nan
1072.25 nan
1072.5 nan
1072.75 nan
1073.0 nan
1073.25 nan
1073.5 nan
1073.75 nan
1074.0 nan
1074.25 nan
1074.5 nan
1074.75 nan
1075.0 nan
1075.25 nan
1075.5 nan
1075.75 nan
1076.0 nan
1076.25 nan
1076.5 nan
1076.75 nan
1077.0 nan
1077.25 nan
1077.5 nan
1077.75 nan
1078.0 nan
1078.25 nan
1078.5 nan
1078.75 nan
1079.0 nan
1079.25 nan
1079.5 nan
1079.75 nan
1080.0 nan
1080.25 nan
1080.5 nan
1080.75 nan
1081.0 nan
1081.25 nan
1081.5 nan
1081.75 nan
1082.0 nan
1082.25 nan
1082.5 nan
1082.75 nan
1083.0 nan
1083.25 nan
1083.5 nan
1083.75 nan
1084.0 nan
1084.25 nan
1084.5 nan
1084.75 nan
1085.0 nan
1085.25 nan
1085.5 nan
1085.75 nan
1086.0 nan
1086.25 nan
1086.5 nan
1086.75 nan
1087.0 nan
1087.25 nan
1087.5 nan
1087.75 nan
1088.0 nan
1088.25 nan
1088.5 nan
1088.75 nan
1089.0 nan
1089.25 nan
1089.5 nan
1089.75 nan
1090.0 nan
1090.25 nan
1090.5 nan
1090.75 nan
1091.0 nan
1091.25 nan
1091.5 nan
1091.75 nan
1092.0 nan
1092.25 nan
1092.5 nan
1092.75 nan
1093.0 nan
1093.25 nan
1093.5 nan
1093.75 nan
1094.0 nan
1094.25 nan
1094.5 nan
1094.75 nan
1095.0 nan
1095.25 nan
1095.5 nan
1095.75 nan
1096.0 nan
1096.25 nan
1096.5 nan
1096.75 nan
1097.0 nan
1097.25 nan
1097.5 nan
1097.75 nan
1098.0 nan
1098.25 nan
1098.5 nan
1098.75 nan
1099.0 nan
1099.25 nan
